UNITS MM,10000;
EDIT proj;
ADD P1 :W0.000000  -12.0909,-5.4499 -9.0909,-5.4499 -9.0909,-5.5885 -8.6109,-6.4198 -8.4909,-6.4891 -8.4910,-6.4892 4.4995,-13.9893 4.4996,-13.9891 4.7395,-14.1140 4.9893,-14.2175 5.2472,-14.2988 5.5112,-14.3574 5.7793,-14.3927 6.0495,-14.4045 9.0495,-14.4045 10.0495,-13.9545 10.4495,-13.9545 10.4495,-13.6545 10.0495,-13.6545 9.0495,-13.2045 6.0496,-13.2045 6.0496,-13.2044 6.0495,-13.2044 5.8839,-13.1972 5.7196,-13.1755 5.5577,-13.1397 5.3997,-13.0898 5.2465,-13.0264 5.0995,-12.9499 5.0996,-12.9498 -7.8909,-5.4497 -7.8909,-4.2501 5.0996,3.2500 5.0996,3.2500 5.2466,3.3265 5.3997,3.3900 5.5578,3.4398 5.7196,3.4757 5.8839,3.4974 6.0495,3.5046 9.0495,3.5046 10.0495,3.9546 10.4495,3.9546 10.4495,4.2546 10.0495,4.2546 9.0495,4.7046 6.0495,4.7046 5.7793,4.6928 5.5112,4.6575 5.2472,4.5990 4.9893,4.5176 4.7395,4.4142 4.4996,4.2893 4.4995,4.2895 -8.4910,-3.2106 -8.4909,-3.2107 -8.6109,-3.2800 -9.0909,-4.1113 -9.0909,-4.2499 -12.0909,-4.2499;
  BEGIN_ASSOC
    ADD N1 :F1.000000 :R0 :T12345 'net=P3' 0.00, 0.00;
  END_ASSOC
ADD P1 :W0.000000  -7.6324,-5.2200 5.0499,-12.6234 5.4650,-12.8750 9.3849,-12.9891 9.2850,-12.9900 10.0400,-13.3400 10.4400,-13.3400 10.4400,-13.0199 10.4450,-13.0200 10.4450,3.2350 10.4500,3.2350 10.4500,3.5950 10.0500,3.5950 9.3166,3.2550 5.6200,3.2550 5.5050,3.1900 5.5050,3.1888 -7.6324,-4.5050;
  BEGIN_ASSOC
    ADD N1 :F1.000000 :R0 :T12345 'net=N__11' 0.00, 0.00;
  END_ASSOC
ADD P1 :W0.000000  -14.6000,-5.4503 -12.5907,-5.4503 -12.5907,-4.2499 -14.6000,-4.2499;
  BEGIN_ASSOC
    ADD N1 :F1.000000 :R0 :T12345 'net=N__13' 0.00, 0.00;
  END_ASSOC
ADD P1 :W0.000000  -11.6119,5.9250 -11.6119,5.9350 -14.6119,5.9350 -14.6119,-4.0650 -9.3900,-4.0650 -8.9600,-3.2850 5.1900,4.8900 9.3008,4.8900 10.0450,4.5450 10.4450,4.5450 10.4450,5.9250;
ADD P1 :W0.000000  -14.6441,-15.6761 -12.1349,-15.6761 -12.1350,-15.6900 10.4450,-15.6900 10.4450,-14.6600 10.4500,-14.6600 10.4500,-14.3000 10.0500,-14.3000 9.2950,-14.6500 9.8725,-14.6550 5.1900,-14.6550 -8.9600,-6.4800 -9.3900,-5.7000 -11.6441,-5.7000 -11.6441,-5.6761 -14.6441,-5.6761;
SAVE;
