UNITS MM,10000;
EDIT proj;
ADD P1 :W0.000000  -12.0909,-5.4499 -9.0909,-5.4499 -9.0909,-5.5885 -8.6109,-6.4198 -8.4909,-6.4891 -8.4910,-6.4892 4.4995,-13.9893 4.4996,-13.9891 4.7395,-14.1140 4.9893,-14.2175 5.2472,-14.2988 5.5112,-14.3574 5.7793,-14.3927 6.0495,-14.4045 9.0495,-14.4045 10.0495,-13.9545 10.4495,-13.9545 10.4495,-13.6545 10.0495,-13.6545 9.0495,-13.2045 6.0496,-13.2045 6.0496,-13.2044 6.0495,-13.2044 5.8839,-13.1972 5.7196,-13.1755 5.5577,-13.1397 5.3997,-13.0898 5.2465,-13.0264 5.0995,-12.9499 5.0996,-12.9498 -7.8909,-5.4497 -7.8909,-4.2501 5.0996,3.2500 5.0996,3.2500 5.2466,3.3265 5.3997,3.3900 5.5578,3.4398 5.7196,3.4757 5.8839,3.4974 6.0495,3.5046 9.0495,3.5046 10.0495,3.9546 10.4495,3.9546 10.4495,4.2546 10.0495,4.2546 9.0495,4.7046 6.0495,4.7046 5.7793,4.6928 5.5112,4.6575 5.2472,4.5990 4.9893,4.5176 4.7395,4.4142 4.4996,4.2893 4.4995,4.2895 -8.4910,-3.2106 -8.4909,-3.2107 -8.6109,-3.2800 -9.0909,-4.1113 -9.0909,-4.2499 -12.0909,-4.2499;
  BEGIN_ASSOC
    ADD N1 :F1.000000 :R0 :T12345 'net=P3' 0.00, 0.00;
  END_ASSOC
ADD P1 :W0.000000  -12.0900,-5.7500 -9.3900,-5.7500 -8.9600,-6.5300 5.1900,-14.7050 10.4450,-14.7050 10.4450,-15.7400 -12.1350,-15.7400;
ADD P1 :W0.000000  -12.0900,-3.9500 -9.3900,-3.9500 -8.9600,-3.1700 5.1900,5.0050 10.4450,5.0050 10.4450,6.0400 -12.1350,6.0400;
ADD P1 :W0.000000  10.4500,3.2050 6.0650,3.2050 -7.1000,-4.5050 -7.1000,-5.2200 5.5850,-12.6250 10.4450,-12.6250;
SAVE;
