UNITS MM,10000;
EDIT proj;
ADD P1 :W0.000000  -7.2250,0.9000 -1.6250,0.9000 -1.6250,0.6250 -0.3000,0.6250 -0.3000,-0.6250 -1.6250,-0.6250 -1.6250,-0.9000 -7.2250,-0.9000 -7.2250,-1.4000 7.2250,-1.4000 7.2250,-0.9000 1.6250,-0.9000 1.6250,-0.6250 0.3000,-0.6250 0.3000,0.6250 1.6250,0.6250 1.6250,0.9000 7.2250,0.9000 7.2250,1.4000 -7.2250,1.4000;
  BEGIN_ASSOC
    ADD N1 :F1.000000 :R0 :T12345 'net=P5' 0.00, 0.00;
  END_ASSOC
ADD P1 :W0.000000  -1.9150,0.3250 -1.9150,0.6000 -7.2150,0.6000 -7.2150,-0.6000 -1.9150,-0.6000 -1.9150,-0.3250 -1.0650,-0.3250 -1.0650,-0.3000 -0.6400,-0.3000 -0.6400,0.3000 -1.0650,0.3000 -1.0650,0.3250;
  BEGIN_ASSOC
    ADD N1 :F1.000000 :R0 :T12345 'net=P3' 0.00, 0.00;
  END_ASSOC
ADD P1 :W0.000000  0.6600,-0.3000 1.0850,-0.3000 1.0850,-0.3250 1.9350,-0.3250 1.9350,-0.6000 7.2350,-0.6000 7.2350,0.6000 1.9350,0.6000 1.9350,0.3250 1.0850,0.3250 1.0850,0.3000 0.6600,0.3000;
  BEGIN_ASSOC
    ADD N1 :F1.000000 :R0 :T12345 'net=P4' 0.00, 0.00;
  END_ASSOC
SAVE;
