UNITS MM,10000;
EDIT proj;
ADD L1 :W0.000000  15.2162,1.4788 15.2162,0.2788;
  BEGIN_ASSOC
    ADD N1 :F1.000000 :R0 :T12345 'net=P10' 0.00, 0.00;
  END_ASSOC
ADD L1 :W0.000000  15.4662,1.4788 15.4662,0.2788;
  BEGIN_ASSOC
    ADD N1 :F1.000000 :R0 :T12345 'net=P12' 0.00, 0.00;
  END_ASSOC
ADD P1 :W0.000000  0.0000,-0.2500 0.2000,-0.2500 0.2000,-0.2750 3.1998,-0.2750 3.1998,-0.2751 3.2000,-0.2751 3.2619,-0.2778 3.3233,-0.2859 3.3837,-0.2993 3.4428,-0.3179 3.5000,-0.3416 3.5550,-0.3702 3.6072,-0.4035 3.6563,-0.4412 3.7020,-0.4830 3.7670,-0.5425 3.8369,-0.5962 3.9112,-0.6435 3.9893,-0.6842 4.0708,-0.7179 4.1548,-0.7444 4.2408,-0.7635 4.3282,-0.7750 4.4162,-0.7788 6.4162,-0.7788 6.4162,-0.4788 4.4164,-0.4788 4.4164,-0.4787 4.4162,-0.4787 4.3543,-0.4760 4.2929,-0.4679 4.2325,-0.4545 4.1734,-0.4359 4.1162,-0.4122 4.0612,-0.3836 4.0090,-0.3503 3.9599,-0.3126 3.9142,-0.2708 3.8492,-0.2113 3.7793,-0.1576 3.7050,-0.1103 3.6269,-0.0696 3.5454,-0.0359 3.4614,-0.0094 3.3754,0.0097 3.2880,0.0212 3.2000,0.0250 0.2000,0.0250 0.2000,0.0000 0.0000,0.0000;
  BEGIN_ASSOC
    ADD N1 :F1.000000 :R0 :T12345 'net=P6' 0.00, 0.00;
  END_ASSOC
ADD P1 :W0.000000  0.0000,0.2500 0.2000,0.2500 0.2000,0.2250 3.2000,0.2250 3.2990,0.2299 3.3970,0.2444 3.4931,0.2685 3.5865,0.3018 3.6760,0.3442 3.7611,0.3951 3.8407,0.4542 3.9141,0.5207 3.9142,0.5208 3.9599,0.5626 4.0090,0.6003 4.0612,0.6336 4.1162,0.6622 4.1734,0.6859 4.2325,0.7045 4.2929,0.7179 4.3543,0.7260 4.4162,0.7287 4.4162,0.7288 6.4162,0.7288 6.4162,1.0288 4.4162,1.0288 4.3172,1.0239 4.2192,1.0094 4.1231,0.9853 4.0297,0.9520 3.9402,0.9096 3.8551,0.8587 3.7755,0.7996 3.7021,0.7331 3.7020,0.7330 3.6563,0.6912 3.6072,0.6535 3.5550,0.6202 3.5000,0.5916 3.4428,0.5679 3.3837,0.5493 3.3233,0.5359 3.2619,0.5278 3.2000,0.5251 3.2000,0.5250 0.2000,0.5250 0.2000,0.5000 0.0000,0.5000;
  BEGIN_ASSOC
    ADD N1 :F1.000000 :R0 :T12345 'net=P3' 0.00, 0.00;
  END_ASSOC
ADD P1 :W0.000000  6.6662,-0.7788 8.6662,-0.7788 8.6662,-0.4788 6.6662,-0.4788;
  BEGIN_ASSOC
    ADD N1 :F1.000000 :R0 :T12345 'net=P19' 0.00, 0.00;
  END_ASSOC
ADD P1 :W0.000000  6.6662,0.7288 8.6662,0.7288 8.6662,1.0288 6.6662,1.0288;
  BEGIN_ASSOC
    ADD N1 :F1.000000 :R0 :T12345 'net=P16' 0.00, 0.00;
  END_ASSOC
ADD P1 :W0.000000  8.9162,-0.7788 10.7662,-0.7788 10.7662,-0.9712 11.0662,-0.9712 11.0662,-0.2712 10.7662,-0.2712 10.7662,-0.4788 8.9162,-0.4788;
  BEGIN_ASSOC
    ADD N1 :F1.000000 :R0 :T12345 'net=P18' 0.00, 0.00;
  END_ASSOC
ADD P1 :W0.000000  8.9162,0.7288 10.7662,0.7288 10.7662,0.5288 11.0662,0.5288 11.0662,1.2288 10.7662,1.2288 10.7662,1.0288 8.9162,1.0288;
  BEGIN_ASSOC
    ADD N1 :F1.000000 :R0 :T12345 'net=P17' 0.00, 0.00;
  END_ASSOC
ADD P1 :W0.000000  12.0662,0.5288 12.2162,0.5288 12.2162,0.2788 15.2162,0.2788 15.2162,1.4788 12.2162,1.4788 12.2162,1.2288 12.0662,1.2288;
  BEGIN_ASSOC
    ADD N1 :F1.000000 :R0 :T12345 'net=P10' 0.00, 0.00;
  END_ASSOC
ADD P1 :W0.000000  21.4662,1.2038 21.4662,1.4788 15.4662,1.4788 15.4662,0.2788 21.4662,0.2788 21.4662,0.5538 22.3162,0.5538 22.3162,0.5788 22.7412,0.5788 22.7412,1.1788 22.3162,1.1788 22.3162,1.2038;
  BEGIN_ASSOC
    ADD N1 :F1.000000 :R0 :T12345 'net=P12' 0.00, 0.00;
  END_ASSOC
ADD P1 :W0.000000  24.0412,0.5788 24.4662,0.5788 24.4662,0.5538 25.3162,0.5538 25.3162,0.2788 30.6162,0.2788 30.6162,1.4788 25.3162,1.4788 25.3162,1.2038 24.4662,1.2038 24.4662,1.1788 24.0412,1.1788;
  BEGIN_ASSOC
    ADD N1 :F1.000000 :R0 :T12345 'net=P14' 0.00, 0.00;
  END_ASSOC
ADD P1 :W0.000000  10.4650,-1.2800 10.4650,-1.0850 4.0350,-1.0850 3.5250,-0.5750 0.0000,-0.5750 0.0000,-2.0350 30.6150,-2.0350 30.6150,-0.0150 25.2850,-0.0150 25.0150,0.2550 21.7650,0.2550 21.4900,-0.0200 11.7162,-0.0200 11.7162,1.7700 21.5050,1.7700 21.7700,1.5050 25.0150,1.5050 25.2850,1.7750 30.6100,1.7750 30.6100,2.2850 0.0000,2.2850 0.0000,0.8250 3.5250,0.8250 4.0350,1.3350 10.4650,1.3350 10.4650,1.5300 10.7050,1.7700 11.4162,1.7700 11.4162,-1.2800 11.4150,-1.2800 11.1750,-1.5200 10.7050,-1.5200;
  BEGIN_ASSOC
    ADD N1 :F1.000000 :R0 :T12345 'net=P15' 0.00, 0.00;
  END_ASSOC
SAVE;
